cminusreal=-0.019887;
cminusimag=0.046225;
cplusreal=-0.003356;
cplusimag=0.001542;
