cminusreal =           0.029703 ;
cminusimag =          -0.000478 ;
cplusreal =          -0.003068 ;
cplusimag =           0.001928 ;
b2_re_ip7_knob =                  0 ;
b2_im_ip7_knob =                  0 ;
cminusreal =           0.029703 ;
cminusimag =          -0.000478 ;
cplusreal =          -0.003068 ;
cplusimag =           0.001928 ;
b2_re_ip7_knob =                  0 ;
b2_im_ip7_knob =                  0 ;
